0	11.6144	0.000188028	1.61892133902741E-005	11.6144	0
0.01	11.6144	0.000199259	1.71562026449924E-005	11.6144	0
0.02	11.6144	0.000200064	1.72255131560821E-005	11.6144	0
0.03	11.6144	0.000200296	1.72454883592781E-005	11.6144	0
0.04	11.6144	0.000200534	0.000017266	11.6144	0
0.05	11.6144	0.000200809	1.72896576663452E-005	11.6144	0
0.06	11.6144	0.000201117	1.73161764705882E-005	11.6144	0
0.07	11.6144	0.000201452	0.000017345	11.6144	0
0.08	11.6144	0.00020181	1.7375843780135E-005	11.6144	0
0.09	11.6144	0.000202184	0.000017408	11.6144	0
0.1	11.6144	0.000202569	1.7441193690591E-005	11.6144	0
0.11	11.6144	0.000202958	1.74746865959499E-005	11.6144	0
0.12	11.6144	0.000203346	1.75080934012949E-005	11.6144	0
0.13	11.6144	0.000203728	0.000017541	11.6144	0
0.14	11.6144	0.000204101	1.75730989116958E-005	11.6144	0
0.15	11.6144	0.000204461	1.76040949166552E-005	11.6144	0
0.16	11.6144	0.000204804	1.76336272213804E-005	11.6144	0
0.17	11.6144	0.000205128	1.76615236258438E-005	11.6144	0
0.18	11.6144	0.000205432	1.76876980300317E-005	11.6144	0
0.19	11.6144	0.000205714	0.000017712	11.6144	0
0.2	11.6144	0.000205974	1.77343642374983E-005	11.6144	0
0.21	11.6144	0.000206212	1.7754856040777E-005	11.6144	0
0.22	11.6144	0.000206428	1.77734536437526E-005	11.6144	0
0.23	11.6144	0.000206623	1.77902431464389E-005	11.6144	0
0.24	11.6144	0.000206799	1.78053967488635E-005	11.6144	0
0.25	11.6144	0.000206955	1.78188283510125E-005	11.6144	0
0.26	11.6144	0.000207094	1.78307962529274E-005	11.6144	0
0.27	11.6144	0.000207218	1.78414726546356E-005	11.6144	0
0.28	11.6144	0.000207327	1.78508575561372E-005	11.6144	0
0.29	11.6144	0.000207424	1.78592092574735E-005	11.6144	0
0.3	11.6144	0.00020751	1.78666138586582E-005	11.6144	0
0.31	11.6144	0.000207586	1.78731574597052E-005	11.6144	0
0.32	11.6144	0.000207654	0.000017879	11.6144	0
0.33	11.6144	0.000207716	1.78843504614961E-005	11.6144	0
0.34	11.6144	0.000207772	1.78891720622675E-005	11.6144	0
0.35	11.6144	0.000207823	1.78935631629701E-005	11.6144	0
0.36	11.6144	0.000207872	1.78977820636451E-005	11.6144	0
0.37	11.6144	0.000207918	1.79017426642788E-005	11.6144	0
0.38	11.6144	0.000207963	1.79056171648987E-005	11.6144	0
0.39	11.6144	0.000208007	1.79094055655049E-005	11.6144	0
0.4	11.6144	0.000208052	1.79132800661248E-005	11.6144	0
0.41	11.6144	0.000208097	1.79171545667447E-005	11.6144	0
0.42	11.6144	0.000208145	1.7921287367406E-005	11.6144	0
0.43	11.6144	0.000208194	1.7925506268081E-005	11.6144	0
0.44	11.6144	0.000208247	1.79300695688111E-005	11.6144	0
0.45	11.6144	0.000208304	0.000017935	11.6144	0
0.46	11.6144	0.000208366	1.79403154704505E-005	11.6144	0
0.47	11.6144	0.000208433	1.79460841713735E-005	11.6144	0
0.48	11.6144	0.000208507	1.79524555723929E-005	11.6144	0
0.49	11.6144	0.000208588	1.79594296735087E-005	11.6144	0
0.5	11.6144	0.000208677	1.79670925747348E-005	11.6144	0
0.51	11.6144	0.000208775	1.79755303760849E-005	11.6144	0
0.52	11.6144	0.000208885	0.000017985	11.6144	0
0.53	11.6144	0.000209006	1.79954194792671E-005	11.6144	0
0.54	11.6144	0.000209141	0.000018007	11.6144	0
0.55	11.6144	0.000209292	0.00001802	11.6144	0
0.56	11.6144	0.00020946	1.80345088855214E-005	11.6144	0
0.57	11.6144	0.000209648	1.80506956881113E-005	11.6144	0
0.58	11.6144	0.000209858	1.80687766910043E-005	11.6144	0
0.59	11.6144	0.000210093	0.000018089	11.6144	0
0.6	11.6144	0.000210356	1.81116544978647E-005	11.6144	0
0.61	11.6144	0.00021065	0.000018137	11.6144	0
0.62	11.6144	0.00021098	1.81653809064609E-005	11.6144	0
0.63	11.6144	0.00021135	1.81972379115581E-005	11.6144	0
0.64	11.6144	0.000211765	0.000018233	11.6144	0
0.65	11.6144	0.00021223	0.000018273	11.6144	0
0.66	11.6144	0.000212752	0.000018318	11.6144	0
0.67	11.6144	0.000213338	1.83684047389448E-005	11.6144	0
0.68	11.6144	0.000213995	0.000018425	11.6144	0
0.69	11.6144	0.000214733	1.84885142581623E-005	11.6144	0
0.7	11.6144	0.00021556	1.8559718969555E-005	11.6144	0
0.71	11.6144	0.00021649	1.86397919823667E-005	11.6144	0
0.72	11.6144	0.000217532	1.87295081967213E-005	11.6144	0
0.73	11.6144	0.000218702	1.88302452128392E-005	11.6144	0
0.74	11.6144	0.000220015	1.89432945309271E-005	11.6144	0
0.75	11.6144	0.000221488	1.90701198512192E-005	11.6144	0
0.76	11.6144	0.000223141	1.92124431739909E-005	11.6144	0
0.77	11.6144	0.000224995	1.93720725995316E-005	11.6144	0
0.78	11.6144	0.000227073	0.000019551	11.6144	0
0.79	11.6144	0.000229404	1.975168756027E-005	11.6144	0
0.8	11.6144	0.000232018	1.99767529962805E-005	11.6144	0
0.81	11.6144	0.000234947	2.02289399366304E-005	11.6144	0
0.82	11.6144	0.000238229	2.05115201818432E-005	11.6144	0
0.83	11.6144	0.000241907	2.08281960325114E-005	11.6144	0
0.84	11.6144	0.000246026	2.11828419892547E-005	11.6144	0
0.85	11.6144	0.000250639	0.00002158	11.6144	0
0.86	11.6144	0.000255804	2.20247279239565E-005	11.6144	0
0.87	11.6144	0.000261585	2.25224721035955E-005	11.6144	0
0.88	11.6144	0.000268053	2.30793669926987E-005	11.6144	0
0.89	11.6144	0.00027529	2.37024727923956E-005	11.6144	0
0.9	11.6144	0.000283383	2.43992802038848E-005	11.6144	0
0.91	11.6144	0.000292433	2.51784853285577E-005	11.6144	0
0.92	11.6144	0.000302548	2.60493869679019E-005	11.6144	0
0.93	11.6144	0.000313851	2.70225754236121E-005	11.6144	0
0.94	11.6144	0.000326479	2.81098463975754E-005	11.6144	0
0.95	11.6144	0.000340582	2.93241148918584E-005	11.6144	0
0.96	11.6144	0.000356327	3.06797596087615E-005	11.6144	0
0.97	11.6144	0.0003739	3.21927951508472E-005	11.6144	0
0.98	11.6144	0.000393509	3.38811303209808E-005	11.6144	0
0.99	11.6144	0.000415383	3.57644820223171E-005	11.6144	0
1	11.6144	0.000439775	3.78646335583414E-005	11.6144	0
1.01	11.6144	0.000466966	4.02057790329246E-005	11.6144	0
1.02	11.6144	0.000497268	4.28147816503651E-005	11.6144	0
1.03	11.6144	0.000531027	4.57214320154291E-005	11.6144	0
1.04	11.6144	0.000568625	4.89586203333793E-005	11.6144	0
1.05	11.6144	0.000610485	5.25627669100427E-005	11.6144	0
1.06	11.6144	0.000657074	5.65740804518529E-005	11.6144	0
1.07	11.6144	0.000708911	6.10372468659595E-005	11.6144	0
1.08	11.6144	0.000766567	6.60014292602287E-005	11.6144	0
1.09	11.6144	0.000830674	0.000071521	11.6144	0
1.1	11.6144	0.000901931	7.76562715250035E-005	11.6144	0
1.11	11.6144	0.000981107	8.44733262157322E-005	11.6144	0
1.12	11.6144	0.00106906	9.20460807273729E-005	11.6144	0
1.13	11.6144	0.00116671	0.0001004537	11.6144	0
1.14	11.6144	0.00127511	0.000109787	11.6144	0
1.15	11.6144	0.0013954	0.000120144	11.6144	0
1.16	11.6144	0.00152882	0.0001316314	11.6144	0
1.17	11.6144	0.00167677	0.0001443699	11.6144	0
1.18	11.6144	0.00184077	0.0001584903	11.6144	0
1.19	11.6144	0.0020225	0.0001741373	11.6144	0
1.2	11.6144	0.00222379	0.0001914683	11.6144	0
1.21	11.6144	0.00244669	0.00021066	11.6144	0
1.22	11.6144	0.00269341	0.0002319026	11.6144	0
1.23	11.6144	0.00296641	0.0002554079	11.6144	0
1.24	11.6144	0.00326838	0.0002814076	11.6144	0
1.25	11.6144	0.00360226	0.0003101546	11.6144	0
1.26	11.6144	0.0039713	0.000341929	11.6144	0
1.27	11.6144	0.00437905	0.0003770363	11.6144	0
1.28	11.6144	0.0048294	0.0004158114	11.6144	0
1.29	11.6144	0.0053266	0.0004586203	11.6144	0
1.3	11.6144	0.00587535	0.0005058677	11.6144	0
1.31	11.6144	0.00648075	0.0005579927	11.6144	0
1.32	11.6144	0.00714839	0.0006154765	11.6144	0
1.33	11.6144	0.00788441	0.0006788478	11.6144	0
1.34	11.6144	0.00869548	0.0007486809	11.6144	0
1.35	11.6144	0.00958892	0.0008256061	11.6144	0
1.36	11.6144	0.0105727	0.0009103096	11.6144	0
1.37	11.6144	0.0116556	0.0010035473	11.6144	0
1.38	11.6144	0.012847	0.0011061269	11.6144	0
1.39	11.6144	0.0141574	0.0012189523	11.6144	0
1.4	11.6144	0.0155981	0.0013429966	11.6144	0
1.41	11.6144	0.0171813	0.0014793102	11.6144	0
1.42	11.6143	0.0189204	0.0016290607	11.6144	0
1.43	11.6143	0.0208302	0.0017934959	11.6144	0
1.44	11.6143	0.0229265	0.001973989	11.6144	0
1.45	11.6143	0.0252265	0.0021720207	11.6144	0
1.46	11.6143	0.0277489	0.0023892012	11.6144	0
1.47	11.6143	0.0305143	0.0026273043	11.6144	0
1.48	11.6143	0.0335447	0.002888224	11.6144	0
1.49	11.6143	0.0368641	0.0031740268	11.6144	0
1.5	11.6143	0.0404986	0.00348696	11.6144	0
1.51	11.6143	0.0444764	0.0038294516	11.6144	0
1.52	11.6143	0.0488282	0.0042041449	11.6144	6.01402E-015
1.53	11.6143	0.0535869	0.0046138726	11.6144	3.55829E-014
1.54	11.6142	0.0587884	0.0050617692	11.6144	2.23521E-013
1.55	11.6142	0.0644715	0.0055510926	11.6144	6.49013E-013
1.56	11.6142	0.0706781	0.0060854902	11.6144	1.28449E-012
1.57	11.6142	0.0774535	0.0066688623	11.6144	2.02923E-012
1.58	11.6142	0.0848466	0.0073054192	11.6144	2.85916E-012
1.59	11.6141	0.0929099	0.0079997503	11.6144	3.90711E-012
1.6	11.6141	0.1017	0.0087565976	11.6144	5.41261E-012
1.61	11.6141	0.11128	0.009581457	11.6144	7.61024E-012
1.62	11.6141	0.121713	0.0104797617	11.6144	1.08373E-011
1.63	11.614	0.133073	0.0114579817	11.6144	1.56264E-011
1.64	11.614	0.145435	0.0125223868	11.6144	2.27114E-011
1.65	11.614	0.158881	0.0136801274	11.6144	3.3232E-011
1.66	11.6139	0.1735	0.0149389955	11.6144	4.87697E-011
1.67	11.6139	0.189387	0.0163069253	11.6144	7.16906E-011
1.68	11.6138	0.206644	0.0177929704	11.6144	1.05413E-010
1.69	11.6138	0.22538	0.0194062236	11.6144	1.54845E-010
1.7	11.6137	0.245713	0.0211571678	11.6144	2.27138E-010
1.71	11.6137	0.267767	0.023056132	11.6144	3.32527E-010
1.72	11.6136	0.291677	0.0251151236	11.6144	4.85611E-010
1.73	11.6135	0.317588	0.0273464503	11.6144	7.07418E-010
1.74	11.6134	0.345652	0.0297632046	11.6144	0.000000001
1.75	11.6133	0.376034	0.0323795993	11.6144	1.48982E-009
1.76	11.6133	0.40891	0.0352104914	11.6144	2.15334E-009
1.77	11.6132	0.444466	0.038272483	11.6144	3.10384E-009
1.78	11.6131	0.482902	0.0415825232	11.6144	4.46161E-009
1.79	11.6129	0.524431	0.0451593487	11.6144	6.39558E-009
1.8	11.6128	0.56928	0.0490217691	11.6144	9.14239E-009
1.81	11.6127	0.617689	0.053190817	11.6144	0.000000013
1.82	11.6125	0.669914	0.057689042	11.6144	1.85252E-008
1.83	11.6124	0.726228	0.06253901	11.6144	2.62591E-008
1.84	11.6122	0.786918	0.067766487	11.6144	3.71169E-008
1.85	11.612	0.852292	0.0733975198	11.6144	5.23158E-008
1.86	11.6118	0.922674	0.079460032	11.6144	7.35295E-008
1.87	11.6116	0.998409	0.0859837576	11.6144	1.03052E-007
1.88	11.6114	1.07986	0.0929999828	11.6144	0.000000144
1.89	11.6111	1.16742	0.1005434455	11.6144	2.00688E-007
1.9	11.6109	1.26148	0.1086461859	11.6144	2.78863E-007
1.91	11.6106	1.36248	0.1173479407	11.6144	3.86377E-007
1.92	11.6103	1.47088	0.1266875102	11.6144	5.33805E-007
1.93	11.6099	1.58715	0.1367066038	11.6144	7.35362E-007
1.94	11.6096	1.7118	0.1474469405	11.6144	1.0101E-006
1.95	11.6092	1.84535	0.1589558281	11.6144	1.38347E-006
1.96	11.6088	1.98836	0.171280408	11.6144	1.88934E-006
1.97	11.6084	2.14142	0.1844715895	11.6144	2.5727E-006
1.98	11.6079	2.30515	0.1985845846	11.6144	0.000003493
1.99	11.6074	2.48019	0.213673174	11.6144	4.7287E-006
2	11.6069	2.66721	0.229795208	11.6144	6.38277E-006
2.01	11.6063	2.86692	0.2470141216	11.6144	8.59016E-006
2.02	11.6057	3.08007	0.2653928673	11.6144	0.000011527
2.03	11.6051	3.30743	0.284997975	11.6144	1.54222E-005
2.04	11.6044	3.5498	0.3059012099	11.6144	2.05727E-005
2.05	11.6037	3.80804	0.328174634	11.6144	2.73622E-005
2.06	11.6029	4.08301	0.3518956468	11.6144	3.62842E-005
2.07	11.6021	4.37562	0.3771403453	11.6144	4.79724E-005
2.08	11.6012	4.68684	0.4039961383	11.6144	6.32367E-005
2.09	11.6003	5.01765	0.432544848	11.6144	8.31086E-005
2.1	11.5993	5.36907	0.4628787944	11.6144	0.000108898
2.11	11.5982	5.74218	0.4950923419	11.6144	0.000142262
2.12	11.5971	6.13806	0.5292754223	11.6144	0.000185288
2.13	11.5959	6.55786	0.5655326452	11.6144	0.0002406
2.14	11.5947	7.00276	0.6039621551	11.6144	0.000311478
2.15	11.5933	7.47397	0.644680117	11.6144	0.000402015
2.16	11.5919	7.97275	0.6877862991	11.6144	0.000517291
2.17	11.5904	8.50039	0.7333991924	11.6144	0.000663595
2.18	11.5889	9.05822	0.7816289726	11.6144	0.00084868
2.19	11.5872	9.64761	0.8326092585	11.6144	0.00108207
2.2	11.5854	10.27	0.8864605452	11.6144	0.00137541
2.21	11.5836	10.9267	0.9432905142	11.6143	0.0017429
2.22	11.5816	11.6193	1.0032551634	11.6143	0.00220177
2.23	11.5795	12.3493	1.0664795544	11.6143	0.00277287
2.24	11.5773	13.1182	1.1330966633	11.6143	0.0034813
2.25	11.575	13.9277	1.2032570194	11.6143	0.00435717
2.26	11.5726	14.7792	1.2770855296	11.6142	0.00543646
2.27	11.5701	15.6744	1.3547333212	11.6142	0.00676196
2.28	11.5674	16.615	1.4363642651	11.6141	0.00838438
2.29	11.5646	17.6027	1.5221192259	11.6141	0.0103636
2.3	11.5616	18.6391	1.612155757	11.614	0.0127698
2.31	11.5585	19.7261	1.7066314833	11.6139	0.0156853
2.32	11.5553	20.8653	1.8056908951	11.6138	0.0192059
2.33	11.5519	22.0584	1.9095040643	11.6137	0.0234425
2.34	11.5483	23.3074	2.018253769	11.6135	0.0285234
2.35	11.5446	24.6139	2.1320704052	11.6133	0.0345957
2.36	11.5407	25.9798	2.2511459444	11.6131	0.041828
2.37	11.5366	27.4068	2.3756392698	11.6128	0.0504118
2.38	11.5323	28.8967	2.5057187205	11.6125	0.0605644
2.39	11.5279	30.4515	2.6415478968	11.6121	0.0725307
2.4	11.5232	32.0727	2.7833153985	11.6117	0.0865852
2.41	11.5184	33.7623	2.9311623142	11.6112	0.103035
2.42	11.5133	35.522	3.0853013471	11.6105	0.122219
2.43	11.5081	37.3535	3.2458442315	11.6098	0.144515
2.44	11.5026	39.2587	3.4130283588	11.609	0.170336
2.45	11.4969	41.2393	3.5869930155	11.6081	0.200134
2.46	11.491	43.2969	3.7678966147	11.607	0.234399
2.47	11.4848	45.4332	3.9559417665	11.6057	0.273663
2.48	11.4784	47.6499	4.1512667271	11.6043	0.318497
2.49	11.4718	49.9486	4.3540333688	11.6027	0.36951
2.5	11.4649	52.3308	4.5644357997	11.6008	0.427351
2.51	11.4577	54.7981	4.7826439861	11.5987	0.492704
2.52	11.4503	57.352	5.0087770626	11.5964	0.566288
2.53	11.4427	59.9939	5.2429846103	11.5937	0.648852
2.54	11.4347	62.7252	5.4855133934	11.5907	0.741173
2.55	11.4265	65.5473	5.7364284777	11.5874	0.844051
2.56	11.4181	68.4614	5.9958662124	11.5838	0.958304
2.57	11.4093	71.4687	6.2640740449	11.5797	1.08476
2.58	11.4002	74.5703	6.5411396291	11.5752	1.22427
2.59	11.3909	77.7674	6.8271514981	11.5702	1.37765
2.6	11.3813	81.061	7.1222971014	11.5648	1.54575
2.61	11.3713	84.4521	7.4267761821	11.5589	1.72939
2.62	11.3611	87.9415	7.7405796974	11.5524	1.92938
2.63	11.3506	91.5301	8.0638997057	11.5454	2.14648
2.64	11.3397	95.2185	8.3969152623	11.5377	2.38144
2.65	11.3286	99.0073	8.7395882986	11.5295	2.63499
2.66	11.3171	102.897	9.0921702556	11.5207	2.90778
2.67	11.3053	106.889	9.4547690021	11.5112	3.20043
2.68	11.2932	110.982	9.8273297205	11.501	3.51351
2.69	11.2808	115.178	10.2100914829	11.4902	3.84754
2.7	11.268	119.476	10.6031238907	11.4786	4.20297
2.71	11.2549	123.877	11.0064949489	11.4664	4.58019
2.72	11.2415	128.38	11.4201841391	11.4534	4.97953
2.73	11.2278	132.987	11.8444396943	11.4397	5.40126
2.74	11.2137	137.696	12.2792655413	11.4253	5.84558
2.75	11.1993	142.507	12.7246345754	11.4101	6.31263
2.76	11.1845	147.421	13.1808306138	11.3942	6.80249
2.77	11.1695	152.436	13.6475222705	11.3775	7.31518
2.78	11.1541	157.553	14.1251199111	11.3602	7.85066
2.79	11.1383	162.771	14.6136304463	11.3421	8.40883
2.8	11.1222	168.088	15.1128373883	11.3232	8.98955
2.81	11.1058	173.506	15.6230077977	11.3037	9.59263
2.82	11.0891	179.022	16.1439611871	11.2835	10.2178
2.83	11.072	184.637	16.6760296243	11.2625	10.8648
2.84	11.0546	190.348	17.2188953015	11.2409	11.5334
2.85	11.0368	196.155	17.7728145839	11.2187	12.2231
2.86	11.0187	202.058	18.3377349415	11.1958	12.9335
2.87	11.0003	208.054	18.9134841777	11.1722	13.6644
2.88	10.9816	214.143	19.5001639105	11.1481	14.4151
2.89	10.9625	220.324	20.0979703535	11.1233	15.1854
2.9	10.9431	226.594	20.7065639535	11.098	15.9747
2.91	10.9234	232.954	21.3261438746	11.0721	16.7825
2.92	10.9034	239.4	21.9564539501	11.0457	17.6084
2.93	10.883	245.933	22.5979049894	11.0187	18.4518
2.94	10.8623	252.55	23.2501403938	10.9912	19.3123
2.95	10.8413	259.249	23.9130916034	10.9633	20.1893
2.96	10.82	266.029	24.5867837338	10.9349	21.0825
2.97	10.7984	272.889	25.271243888	10.9061	21.9911
2.98	10.7765	279.826	25.9663155941	10.8768	22.9149
2.99	10.7543	286.839	26.6720288629	10.8471	23.8532
3	10.7318	293.925	27.3882293744	10.817	24.8057
3.01	10.7089	301.084	28.1153059605	10.7866	25.7718
3.02	10.6858	308.313	28.8525894177	10.7558	26.751
3.03	10.6624	315.61	29.600277611	10.7247	27.743
3.04	10.6388	322.974	30.3581230966	10.6932	28.7472
3.05	10.6148	330.401	31.1264460941	10.6615	29.7633
3.06	10.5906	337.891	31.9048023719	10.6294	30.7908
3.07	10.566	345.441	32.6936399773	10.5971	31.8292
3.08	10.5413	353.05	33.4920740326	10.5645	32.8783
3.09	10.5162	360.714	34.3007930621	10.5317	33.9377
3.1	10.4909	368.433	35.1192938642	10.4987	35.0068
3.11	10.4653	376.203	35.9476555856	10.4654	36.0855
3.12	10.4395	384.024	36.7856698118	10.432	37.1733
3.13	10.4134	391.892	37.6334338449	10.3983	38.2699
3.14	10.3871	399.806	38.4906277979	10.3645	39.375
3.15	10.3606	407.763	39.3570835666	10.3305	40.4882
3.16	10.3338	415.762	40.2332152741	10.2964	41.6093
3.17	10.3067	423.8	41.1188838328	10.2621	42.738
3.18	10.2795	431.876	42.0133274965	10.2277	43.8739
3.19	10.252	439.986	42.9170893484	10.1931	45.0169
3.2	10.2243	448.13	43.8298954452	10.1585	46.1667
3.21	10.1964	456.304	44.7514809148	10.1237	47.3229
3.22	10.1683	464.507	45.6818740596	10.0889	48.4855
3.23	10.14	472.737	46.6210059172	10.0539	49.654
3.24	10.1115	480.992	47.5688077931	10.0189	50.8284
3.25	10.0828	489.269	48.525112072	9.98381	52.0085
3.26	10.0539	497.567	49.489949174	9.94864	53.1939
3.27	10.0248	505.884	50.4632511372	9.91343	54.3845
3.28	9.99551	514.217	51.4447987146	9.87816	55.5801
3.29	9.96607	522.565	52.434409953	9.84284	56.7806
3.3	9.93645	530.925	53.432060746	9.80749	57.9858
3.31	9.90666	539.297	54.4378226365	9.7721	59.1955
3.32	9.87671	547.677	55.4513598152	9.73669	60.4095
3.33	9.8466	556.064	56.4726910812	9.70126	61.6277
3.34	9.81633	564.455	57.5016324838	9.66581	62.85
3.35	9.78592	572.85	58.5381854746	9.63035	64.0761
3.36	9.75536	581.247	59.5823219235	9.59488	65.306
3.37	9.72465	589.643	60.6338531464	9.55942	66.5396
3.38	9.69381	598.036	61.6925646366	9.52395	67.7767
3.39	9.66284	606.426	62.7585678745	9.48849	69.0172
3.4	9.63174	614.81	63.8316648913	9.45304	70.2609
3.41	9.60051	623.187	64.9118640572	9.41761	71.5079
3.42	9.56916	631.554	65.9988964549	9.3822	72.7579
3.43	9.5377	639.91	67.0926953039	9.3468	74.0108
3.44	9.50612	648.255	68.1934374908	9.31143	75.2666
3.45	9.47443	656.585	69.3007389363	9.27609	76.5252
3.46	9.44264	664.9	70.4146298069	9.24078	77.7865
3.47	9.41075	673.198	71.5349998672	9.20551	79.0504
3.48	9.37876	681.477	72.661737799	9.17027	80.3167
3.49	9.34668	689.736	73.7947592086	9.13507	81.5855
3.5	9.31452	697.974	74.9339740534	9.09992	82.8567
3.51	9.28226	706.188	76.0793168905	9.0648	84.1301
3.52	9.24993	714.379	77.2307466111	9.02974	85.4057
3.53	9.21751	722.543	78.3880896251	8.99472	86.6835
3.54	9.18503	730.681	79.5512916125	8.95976	87.9633
3.55	9.15247	738.79	80.7202864363	8.92485	89.2452
3.56	9.11984	746.87	81.8950771066	8.88999	90.5289
3.57	9.08715	754.919	83.0754416951	8.85519	91.8146
3.58	9.0544	762.936	84.261353596	8.82045	93.1021
3.59	9.0216	770.92	85.4526913186	8.78578	94.3913
3.6	8.98874	778.869	86.6494080372	8.75116	95.6823
3.61	8.95582	786.783	87.8515870127	8.71661	96.9749
3.62	8.92287	794.659	89.058677309	8.68212	98.2692
3.63	8.88986	802.499	90.2712753632	8.6477	99.565
3.64	8.85682	810.299	91.4887058786	8.61335	100.862
3.65	8.82374	818.06	92.7112539581	8.57907	102.161
3.66	8.79063	825.779	93.938545929	8.54486	103.461
3.67	8.75748	833.457	95.1708710725	8.51072	104.763
3.68	8.7243	841.092	96.4079639627	8.47665	106.066
3.69	8.6911	848.684	97.6497796597	8.44266	107.37
3.7	8.65788	856.231	98.8961500968	8.40875	108.676
3.71	8.62464	863.732	100.1470206293	8.37491	109.982
3.72	8.59137	871.187	101.4025702536	8.34115	111.29
3.73	8.5581	878.595	102.6623900165	8.30747	112.599
3.74	8.52481	885.956	103.9267737345	8.27387	113.91
3.75	8.49151	893.267	105.1953068418	8.24035	115.221
3.76	8.45821	900.529	106.4680351989	8.20691	116.533
3.77	8.4249	907.741	107.745017745	8.17355	117.847
3.78	8.39159	914.901	109.0259414485	8.14028	119.161
3.79	8.35828	922.011	110.3110927129	8.10709	120.476
3.8	8.32497	929.068	111.6001619225	8.07398	121.793
3.81	8.29167	936.072	112.8930601435	8.04096	123.11
3.82	8.25838	943.023	114.1898289979	8.00802	124.428
3.83	8.22509	949.919	115.4904080077	7.97517	125.747
3.84	8.19182	956.761	116.7946805472	7.94241	127.067
3.85	8.15857	963.548	118.1025596397	7.90974	128.387
3.86	8.12533	970.279	119.4141037964	7.87715	129.708
3.87	8.09211	976.954	120.729204126	7.84465	131.03
3.88	8.05891	983.572	122.0477707283	7.81225	132.353
3.89	8.02573	990.132	123.3697121633	7.77993	133.677
3.9	7.99258	996.636	124.695154756	7.7477	135.001
3.91	7.95946	1003.08	126.0236247183	7.71556	136.326
3.92	7.92636	1009.47	127.3560625558	7.68352	137.651
3.93	7.8933	1015.79	128.6901549415	7.65156	138.977
3.94	7.86027	1022.06	130.0286122487	7.6197	140.304
3.95	7.82727	1028.27	131.3701967608	7.58793	141.631
3.96	7.79431	1034.42	132.7147624357	7.55625	142.959
3.97	7.76139	1040.51	134.0623264647	7.52467	144.287
3.98	7.72851	1046.54	135.4129062394	7.49318	145.615
3.99	7.69568	1052.5	136.7650422055	7.46178	146.945
4	7.66288	1058.41	138.1216983693	7.43048	148.274
4.01	7.63013	1064.25	139.479930224	7.39927	149.604
4.02	7.59743	1070.03	140.8410475648	7.36816	150.935
4.03	7.56478	1075.75	142.2050608213	7.33714	152.266
4.04	7.53218	1081.41	143.571980489	7.30622	153.597
4.05	7.49963	1087.01	144.9418171296	7.2754	154.928
4.06	7.46713	1092.54	146.3132421693	7.24467	156.26
4.07	7.43469	1098.01	147.6873951705	7.21404	157.593
4.08	7.40231	1103.41	149.0629276537	7.1835	158.925
4.09	7.36999	1108.76	150.4425379139	7.15306	160.258
4.1	7.33772	1114.04	151.8237272613	7.12272	161.591
4.11	7.30552	1119.26	153.2074376636	7.09248	162.924
4.12	7.27338	1124.41	154.5925003231	7.06233	164.257
4.13	7.2413	1129.5	155.980279784	7.03229	165.591
4.14	7.20929	1134.52	157.3691722763	7.00234	166.925
4.15	7.17734	1139.49	158.7621597974	6.97249	168.258
4.16	7.14547	1144.39	160.1560149297	6.94274	169.592
4.17	7.11366	1149.22	161.5511565073	6.91309	170.926
4.18	7.08193	1153.99	162.9485182712	6.88354	172.261
4.19	7.05027	1158.7	164.3483157383	6.85409	173.595
4.2	7.01868	1163.34	165.7491152182	6.82474	174.929
4.21	6.98717	1167.92	167.1520801698	6.7955	176.263
4.22	6.95574	1172.43	168.5557539529	6.76635	177.597
4.23	6.92438	1176.88	169.9617871925	6.7373	178.931
4.24	6.89311	1181.27	171.3696720348	6.70836	180.265
4.25	6.86191	1185.59	172.778424666	6.67952	181.599
4.26	6.8308	1189.85	174.1889676173	6.65078	182.932
4.27	6.79977	1194.05	175.6015276987	6.62214	184.266
4.28	6.76882	1198.18	177.0146052045	6.5936	185.599
4.29	6.73796	1202.25	178.4293762504	6.56517	186.932
4.3	6.70719	1206.25	179.8443163232	6.53685	188.264
4.31	6.67651	1210.19	181.2608683279	6.50862	189.597
4.32	6.64592	1214.07	182.6789970388	6.48051	190.929
4.33	6.61542	1217.88	184.0971548292	6.45249	192.26
4.34	6.58501	1221.63	185.5168025561	6.42459	193.592
4.35	6.5547	1225.31	186.9360916594	6.39679	194.922
4.36	6.52448	1228.94	188.3583059493	6.36909	196.252
4.37	6.49436	1232.5	189.7800553095	6.34151	197.582
4.38	6.46434	1236	191.2028142084	6.31403	198.911
4.39	6.43441	1239.43	192.6252756663	6.28666	200.239
4.4	6.40459	1242.8	194.0483309626	6.2594	201.567
4.41	6.37488	1246.11	195.4719147655	6.23224	202.894
4.42	6.34526	1249.36	196.89658107	6.2052	204.22
4.43	6.31576	1252.55	198.3213421663	6.17827	205.545
4.44	6.28636	1255.67	199.7451625424	6.15146	206.87
4.45	6.25707	1258.74	201.1708355508	6.12475	208.193
4.46	6.22789	1261.74	202.5951004273	6.09816	209.515
4.47	6.19883	1264.68	204.0191455484	6.07168	210.837
4.48	6.16988	1267.56	205.4432176963	6.04532	212.157
4.49	6.14104	1270.37	206.8656123393	6.01908	213.475
4.5	6.11233	1273.13	208.2888194846	5.99295	214.793
4.51	6.08373	1275.83	209.7118050933	5.96694	216.109
4.52	6.05526	1278.47	211.1337911171	5.94105	217.423
4.53	6.02691	1281.04	212.5533648254	5.91529	218.736
4.54	5.99869	1283.56	213.9733841889	5.88965	220.047
4.55	5.9706	1286.02	215.3920878974	5.86413	221.356
4.56	5.94264	1288.42	216.8093641883	5.83874	222.663
4.57	5.91481	1290.76	218.2250993692	5.81347	223.968
4.58	5.88712	1293.04	219.6388047127	5.78834	225.271
4.59	5.85957	1295.27	221.0520567209	5.76333	226.572
4.6	5.83216	1297.43	222.4613179337	5.73846	227.87
4.61	5.8049	1299.54	223.8694895692	5.71373	229.165
4.62	5.77778	1301.59	225.2751056634	5.68914	230.458
4.63	5.75082	1303.59	226.6789779544	5.66468	231.748
4.64	5.72401	1305.53	228.0796155143	5.64037	233.034
4.65	5.69736	1307.41	229.4764592724	5.61621	234.317
4.66	5.67087	1309.23	230.8693375091	5.59219	235.597
4.67	5.64455	1311.01	232.2612077136	5.56833	236.873
4.68	5.6184	1312.72	233.6465897764	5.54462	238.145
4.69	5.59243	1314.38	235.0284223495	5.52108	239.412
4.7	5.56663	1315.99	236.4069463931	5.49769	240.675
4.71	5.54103	1317.54	237.7788967033	5.47448	241.933
4.72	5.51561	1319.04	239.1467126936	5.45144	243.186
4.73	5.49039	1320.49	240.5093262956	5.42857	244.434
4.74	5.46537	1321.88	241.8646861969	5.40589	245.675
4.75	5.44056	1323.22	243.2139338598	5.3834	246.911
4.76	5.41596	1324.51	244.556828337	5.3611	248.14
4.77	5.39159	1325.75	245.8922136142	5.339	249.362
4.78	5.36745	1326.94	247.2198157412	5.31711	250.576
4.79	5.34355	1328.08	248.5388926837	5.29544	251.782
4.8	5.31989	1329.17	249.8491510163	5.27398	252.98
4.81	5.2965	1330.21	251.1488718965	5.25276	254.169
4.82	5.27336	1331.21	252.4405692007	5.23178	255.348
4.83	5.25051	1332.15	253.718210231	5.21105	256.517
4.84	5.22794	1333.05	254.9857113892	5.19057	257.675
4.85	5.20567	1333.91	256.2417517822	5.17036	258.821
4.86	5.18371	1334.71	257.4816106611	5.15044	259.955
4.87	5.16207	1335.48	258.7101685952	5.1308	261.075
4.88	5.14077	1336.2	259.9221517399	5.11148	262.182
4.89	5.11982	1336.88	261.1185549492	5.09247	263.273
4.9	5.09924	1337.52	262.2979110613	5.07379	264.349
4.91	5.07904	1338.11	263.4572675151	5.05545	265.408
4.92	5.05923	1338.67	264.599553687	5.03748	266.448
4.93	5.03984	1339.19	265.7207371663	5.01989	267.47
4.94	5.02088	1339.67	266.8197606794	5.00269	268.472
4.95	5.00237	1340.12	267.897016814	4.9859	269.452
4.96	4.98433	1340.53	268.9488858081	4.96953	270.41
4.97	4.96677	1340.9	269.9742488579	4.95362	271.344
4.98	4.94972	1341.25	270.9749238341	4.93816	272.254
4.99	4.93318	1341.56	271.9462902225	4.92319	273.137
5	4.91719	1341.85	272.889597514	4.90871	273.993
5.01	4.90176	1342.1	273.7996148322	4.89475	274.82
5.02	4.8869	1342.33	274.6792445108	4.88132	275.617
5.03	4.87264	1342.54	275.5262034544	4.86844	276.383
5.04	4.85898	1342.72	276.3378322199	4.85613	277.117
5.05	4.84595	1342.88	277.1138785997	4.84438	277.818
5.06	4.83354	1343.02	277.8543262288	4.83323	278.485
5.07	4.82178	1343.14	278.5568814836	4.82267	279.118
5.08	4.81067	1343.24	279.2209816928	4.81272	279.715
5.09	4.80021	1343.33	279.8481733091	4.80337	280.276
5.1	4.79041	1343.4	280.4352863325	4.79463	280.801
5.11	4.78126	1343.46	280.9845103592	4.7865	281.29
5.12	4.77275	1343.5	281.4938976481	4.77897	281.744
5.13	4.76488	1343.54	281.9672268766	4.77204	282.161
5.14	4.75764	1343.56	282.4005179038	4.76568	282.544
5.15	4.751	1343.58	282.7994106504	4.75989	282.893
5.16	4.74495	1343.59	283.1620986523	4.75464	283.209
5.17	4.73946	1343.59	283.4901022479	4.74991	283.494
5.18	4.73451	1343.59	283.786495329	4.74568	283.748
5.19	4.73006	1343.58	284.051365099	4.74192	283.974
5.2	4.7261	1343.56	284.2851399674	4.7386	284.172
5.21	4.72258	1343.55	284.4949159146	4.73568	284.346
5.22	4.71947	1343.52	284.6760335377	4.73314	284.497
5.23	4.71674	1343.5	284.836560845	4.73095	284.627
5.24	4.71435	1343.47	284.9745988312	4.72906	284.738
5.25	4.71227	1343.44	285.0940205039	4.72745	284.832
5.26	4.71048	1343.41	285.1959885192	4.72609	284.911
5.27	4.70893	1343.37	285.281369653	4.72494	284.976
5.28	4.7076	1343.34	285.3555952078	4.72399	285.03
5.29	4.70646	1343.3	285.4162151596	4.7232	285.073
5.3	4.70549	1343.26	285.4665507737	4.72255	285.108
5.31	4.70466	1343.22	285.5084108097	4.72202	285.135
5.32	4.70395	1343.17	285.5408752219	4.72158	285.156
5.33	4.70335	1343.13	285.5687967087	4.72123	285.172
5.34	4.70284	1343.08	285.5891333747	4.72095	285.184
5.35	4.70239	1343.04	285.6079568049	4.72072	285.193
5.36	4.70201	1342.99	285.6204048907	4.72054	285.198
5.37	4.70168	1342.94	285.629817427	4.72039	285.202
5.38	4.70139	1342.9	285.6389280617	4.72027	285.203
5.39	4.70114	1342.85	285.6434822192	4.72016	285.204
5.4	4.70091	1342.8	285.6468215728	4.72008	285.203
5.41	4.7007	1342.74	285.6468185589	4.72	285.202
5.42	4.70051	1342.69	285.647727587	4.71993	285.2
5.43	4.70032	1342.64	285.6486366886	4.71986	285.198
5.44	4.70015	1342.59	285.6483303724	4.7198	285.196
5.45	4.69999	1342.53	285.645288607	4.71973	285.193
5.46	4.69983	1342.47	285.6422466345	4.71967	285.19
5.47	4.69968	1342.42	285.6407244749	4.7196	285.188
5.48	4.69952	1342.36	285.6376821463	4.71953	285.185
5.49	4.69937	1342.3	285.6340317958	4.71946	285.183
5.5	4.69921	1342.24	285.6309890386	4.71939	285.18
5.51	4.69906	1342.18	285.6273382336	4.71931	285.178
5.52	4.6989	1342.12	285.6242950478	4.71923	285.176
5.53	4.69875	1342.06	285.6206437882	4.71915	285.174
5.54	4.69859	1341.99	285.6154718756	4.71906	285.172
5.55	4.69842	1341.93	285.6130358716	4.71897	285.17
5.56	4.69825	1341.86	285.6084712393	4.71887	285.168
5.57	4.69808	1341.8	285.6060348057	4.71877	285.167
5.58	4.69791	1341.73	285.6014695897	4.71867	285.165
5.59	4.69773	1341.66	285.5975119898	4.71856	285.164
5.6	4.69755	1341.59	285.5935540867	4.71845	285.162
5.61	4.69736	1341.51	285.5880750038	4.71834	285.161
5.62	4.69717	1341.44	285.5847244192	4.71823	285.16
5.63	4.69697	1341.37	285.5819815754	4.71811	285.158
5.64	4.69677	1341.29	285.5771093752	4.71798	285.157
5.65	4.69656	1341.21	285.5728448056	4.71785	285.156
5.66	4.69635	1341.13	285.5685798546	4.71772	285.155
5.67	4.69613	1341.05	285.5649226065	4.71759	285.154
5.68	4.6959	1340.97	285.5618731234	4.71745	285.153
5.69	4.69567	1340.88	285.55669372	4.71731	285.152
5.7	4.69543	1340.8	285.5542516873	4.71717	285.152
5.71	4.69519	1340.71	285.5496795657	4.71702	285.151
5.72	4.69493	1340.62	285.5463233744	4.71687	285.15
5.73	4.69467	1340.53	285.5429668113	4.71671	285.149
5.74	4.6944	1340.43	285.5380879346	4.71655	285.149
5.75	4.69413	1340.33	285.5332084966	4.71639	285.148
5.76	4.69384	1340.24	285.5316755578	4.71622	285.148
5.77	4.69354	1340.13	285.5264896006	4.71605	285.147
5.78	4.69323	1340.03	285.5240420776	4.71587	285.146
5.79	4.69292	1339.92	285.5194633618	4.71569	285.146
5.8	4.69259	1339.81	285.5161009166	4.71551	285.145
5.81	4.69224	1339.7	285.5139549554	4.71532	285.145
5.82	4.69189	1339.58	285.5096773369	4.71513	285.145
5.83	4.69152	1339.46	285.5066161926	4.71493	285.144
5.84	4.69113	1339.33	285.5026400888	4.71473	285.144
5.85	4.69073	1339.2	285.4992719683	4.71452	285.143
5.86	4.6903	1339.06	285.4955972965	4.71431	285.143
5.87	4.68986	1338.92	285.4925306939	4.71409	285.143
5.88	4.68939	1338.77	285.4891574384	4.71387	285.142
5.89	4.68889	1338.61	285.4854773731	4.71364	285.142
5.9	4.68837	1338.45	285.4830143525	4.7134	285.142
5.91	4.68781	1338.28	285.4808535329	4.71316	285.142
5.92	4.68722	1338.09	285.4762524481	4.71292	285.141
5.93	4.68658	1337.9	285.4746958336	4.71266	285.141
5.94	4.68591	1337.69	285.4706983275	4.7124	285.141
5.95	4.68518	1337.47	285.4682210715	4.71214	285.141
5.96	4.6844	1337.24	285.4666552814	4.71187	285.141
5.97	4.68355	1336.99	285.4650852452	4.71158	285.14
5.98	4.68263	1336.71	285.4613753382	4.7113	285.14
5.99	4.68164	1336.42	285.4597961398	4.711	285.14
6	4.68056	1336.1	285.4572957082	4.71069	285.14
6.01	4.67939	1335.76	285.4560102919	4.71038	285.14
6.02	4.6781	1335.38	285.4534960775	4.71006	285.14
6.03	4.6767	1334.98	285.4534180084	4.70973	285.14
6.04	4.67517	1334.53	285.4505825457	4.70938	285.14
6.05	4.67349	1334.05	285.4504877511	4.70903	285.14
6.06	4.67165	1333.52	285.4494664626	4.70867	285.14
6.07	4.66963	1332.94	285.4487400501	4.70829	285.14
6.08	4.66742	1332.31	285.4489203886	4.7079	285.139
6.09	4.665	1331.61	285.4469453376	4.7075	285.139
6.1	4.66234	1330.85	285.4467928122	4.70709	285.139
6.11	4.65943	1330.03	285.4490785354	4.70666	285.14
6.12	4.65625	1329.12	285.448590604	4.70622	285.14
6.13	4.65276	1328.13	285.4499264952	4.70576	285.14
6.14	4.64895	1327.05	285.4515535766	4.70528	285.14
6.15	4.64479	1325.87	285.4531636522	4.70478	285.14
6.16	4.64026	1324.58	285.4538323284	4.70427	285.14
6.17	4.63531	1323.18	285.4566361257	4.70373	285.14
6.18	4.62994	1321.66	285.4594228003	4.70317	285.14
6.19	4.6241	1320.01	285.4631171471	4.70258	285.14
6.2	4.61777	1318.22	285.4667945783	4.70196	285.141
6.21	4.61092	1316.28	285.4701447867	4.70131	285.141
6.22	4.60351	1314.18	285.473475674	4.70063	285.141
6.23	4.59552	1311.92	285.4780307778	4.6999	285.142
6.24	4.58691	1309.49	285.4841276589	4.69913	285.142
6.25	4.57766	1306.87	285.4886557761	4.6983	285.143
6.26	4.56773	1304.06	285.4941075764	4.69741	285.143
6.27	4.55709	1301.06	285.5023710306	4.69644	285.144
6.28	4.54571	1297.84	285.508754408	4.69539	285.145
6.29	4.53357	1294.41	285.5167119952	4.69423	285.146
6.3	4.52064	1290.75	285.5237311531	4.69295	285.148
6.31	4.5069	1286.87	285.5332933946	4.69153	285.149
6.32	4.49232	1282.74	285.540656053	4.68993	285.151
6.33	4.47688	1278.37	285.5493111274	4.68813	285.154
6.34	4.46056	1273.76	285.5605574188	4.68607	285.157
6.35	4.44334	1268.88	285.5689638875	4.68373	285.16
6.36	4.42522	1263.75	285.5790220599	4.68103	285.164
6.37	4.40618	1258.36	285.5897852562	4.67792	285.169
6.38	4.38621	1252.71	285.6019205647	4.67432	285.175
6.39	4.3653	1246.79	285.6138180652	4.67016	285.182
6.4	4.34346	1240.6	285.6248244487	4.66532	285.19
6.41	4.32069	1234.15	285.6372477544	4.65971	285.199
6.42	4.29699	1227.43	285.6487913633	4.65321	285.21
6.43	4.27237	1220.45	285.6611201745	4.64567	285.222
6.44	4.24685	1213.21	285.6729105101	4.63697	285.236
6.45	4.22043	1205.72	285.6865295716	4.62695	285.252
6.46	4.19315	1197.98	285.6992952792	4.61544	285.27
6.47	4.16501	1190	285.7135997273	4.60227	285.291
6.48	4.13606	1181.78	285.7260291195	4.58727	285.313
6.49	4.10631	1173.33	285.7382905821	4.57025	285.338
6.5	4.0758	1164.67	285.7524903087	4.55105	285.366
6.51	4.04458	1155.8	285.7651474319	4.52947	285.396
6.52	4.01267	1146.73	285.777300401	4.50536	285.429
6.53	3.98012	1137.48	285.7903781796	4.47858	285.464
6.54	3.94698	1128.06	285.803323047	4.44897	285.501
6.55	3.9133	1118.48	285.815041014	4.41644	285.541
6.56	3.87911	1108.75	285.8258724295	4.38091	285.584
6.57	3.84448	1098.9	285.8383968703	4.34232	285.628
6.58	3.80945	1088.93	285.8496633372	4.30066	285.674
6.59	3.77409	1078.86	285.8596376875	4.25595	285.721
6.6	3.73844	1068.71	285.8705770321	4.20826	285.77
6.61	3.70257	1058.49	285.8798078092	4.15769	285.819
6.62	3.66652	1048.22	285.8896174029	4.1044	285.868
6.63	3.63036	1037.92	285.9000209346	4.04856	285.917
6.64	3.59415	1027.59	285.9062643462	3.9904	285.966
6.65	3.55793	1017.26	285.9134384319	3.93018	286.013
6.66	3.52178	1006.95	285.9207559814	3.86819	286.059
6.67	3.48573	996.663	285.9266208226	3.80475	286.102
6.68	3.44985	986.422	285.9318521095	3.74019	286.143
6.69	3.41418	976.239	285.9365938527	3.67484	286.18
6.7	3.37879	966.131	285.9399370781	3.60908	286.213
6.71	3.34372	956.11	285.9420047133	3.54323	286.243
6.72	3.30901	946.191	285.9438321431	3.47766	286.267
6.73	3.27471	936.387	285.9450149784	3.4127	286.286
6.74	3.24087	926.71	285.9448234579	3.34866	286.3
6.75	3.20753	917.172	285.9433894617	3.28585	286.309
6.76	3.17471	907.784	285.9423380403	3.22453	286.312
6.77	3.14247	898.556	285.9394043539	3.16495	286.309
6.78	3.11084	889.498	285.9349886204	3.10732	286.3
6.79	3.07984	880.619	285.9301132526	3.05183	286.285
6.8	3.0495	871.926	285.924249877	2.99864	286.265
6.81	3.01984	863.428	285.9184592561	2.94787	286.24
6.82	2.9909	855.13	285.9105954729	2.89961	286.21
6.83	2.96269	847.039	285.9020012219	2.85392	286.175
6.84	2.93522	839.158	285.8927099161	2.81085	286.137
6.85	2.90851	831.494	285.8831497915	2.77041	286.095
6.86	2.88257	824.048	285.8726761189	2.73259	286.05
6.87	2.85742	816.824	285.8606715149	2.69735	286.003
6.88	2.83305	809.824	285.8488201761	2.66464	285.954
6.89	2.80948	803.05	285.835813033	2.6344	285.904
6.9	2.78669	796.501	285.8233244458	2.60655	285.854
6.91	2.76471	790.178	285.8086381573	2.581	285.803
6.92	2.74351	784.081	285.7948394575	2.55765	285.753
6.93	2.72311	778.209	285.7794947688	2.53638	285.704
6.94	2.70348	772.559	285.7646440884	2.51709	285.656
6.95	2.68463	767.13	285.7488741465	2.49966	285.61
6.96	2.66655	761.92	285.7325007969	2.48396	285.566
6.97	2.64921	756.926	285.717629029	2.46989	285.524
6.98	2.63262	752.143	285.7013165592	2.45732	285.485
6.99	2.61676	747.569	285.6849691986	2.44613	285.448
7	2.60162	743.199	285.6677762317	2.43622	285.414
7.01	2.58717	739.029	285.6515033801	2.42747	285.382
7.02	2.5734	735.054	285.6353462346	2.41977	285.353
7.03	2.5603	731.27	285.6188727883	2.41303	285.326
7.04	2.54784	727.671	285.6030990957	2.40715	285.302
7.05	2.53601	724.253	285.5875962634	2.40204	285.28
7.06	2.5248	721.009	285.5707382763	2.39763	285.261
7.07	2.51417	717.936	285.5558693326	2.39382	285.243
7.08	2.50411	715.025	285.5405713008	2.39056	285.228
7.09	2.49461	712.274	285.5251923146	2.38778	285.214
7.1	2.48563	709.674	285.5107155932	2.38541	285.202
7.11	2.47717	707.222	285.4959490063	2.38341	285.192
7.12	2.4692	704.911	285.4815324802	2.38172	285.183
7.13	2.4617	702.736	285.4677661778	2.38031	285.175
7.14	2.45464	700.69	285.455300981	2.37913	285.168
7.15	2.44803	698.769	285.4413548854	2.37815	285.163
7.16	2.44182	696.967	285.4293109238	2.37734	285.158
7.17	2.43601	695.279	285.4171370397	2.37668	285.154
7.18	2.43057	693.698	285.4054810189	2.37614	285.15
7.19	2.42549	692.22	285.3938791749	2.3757	285.147
7.2	2.42075	690.841	285.3830424455	2.37535	285.145
7.21	2.41633	689.554	285.3724449889	2.37507	285.143
7.22	2.41222	688.355	285.3616170996	2.37485	285.141
7.23	2.4084	687.239	285.3508553396	2.37467	285.14
7.24	2.40484	686.202	285.3420601786	2.37454	285.139
7.25	2.40155	685.239	285.3319731007	2.37444	285.138
7.26	2.3985	684.347	285.3229101522	2.37436	285.138
7.27	2.39568	683.52	285.3135644159	2.3743	285.137
7.28	2.39307	682.755	285.305068385	2.37426	285.137
7.29	2.39066	682.048	285.2969472865	2.37424	285.136
7.3	2.38844	681.395	285.2887240207	2.37422	285.136
7.31	2.3864	680.794	285.2807576266	2.37421	285.136
7.32	2.38453	680.24	285.2721500673	2.37421	285.136
7.33	2.38281	679.73	285.2640369983	2.37421	285.136
7.34	2.38123	679.261	285.2563591085	2.37421	285.136
7.35	2.37979	678.83	285.2478580043	2.37422	285.136
7.36	2.37847	678.435	285.2400913192	2.37423	285.136
7.37	2.37727	678.073	285.2317995011	2.37424	285.136
7.38	2.37617	677.74	285.2237003245	2.37425	285.136
7.39	2.37518	677.436	285.2145942623	2.37426	285.136
7.4	2.37427	677.157	285.206400283	2.37427	285.136
7.41	2.37345	676.901	285.1970759864	2.37428	285.136
7.42	2.3727	676.666	285.1881822396	2.37429	285.136
7.43	2.37203	676.45	285.1776748186	2.3743	285.137
7.44	2.37142	676.252	285.1675367501	2.37432	285.137
7.45	2.37086	676.069	285.1577064863	2.37432	285.137
7.46	2.37036	675.899	285.1461381394	2.37433	285.137
7.47	2.36991	675.742	285.1340346258	2.37434	285.137
7.48	2.3695	675.595	285.1213336147	2.37435	285.137
7.49	2.36913	675.458	285.1080354392	2.37436	285.137
7.5	2.3688	675.327	285.0924518744	2.37437	285.137
7.51	2.36849	675.203	285.0774121909	2.37437	285.137
7.52	2.36821	675.084	285.0608687574	2.37438	285.137
7.53	2.36795	674.968	285.0431808104	2.37439	285.138
7.54	2.36771	674.854	285.023926072	2.37439	285.138
7.55	2.36749	674.742	285.0031045538	2.3744	285.138
7.56	2.36728	674.629	284.9806529012	2.37441	285.138
7.57	2.36708	674.515	284.9565709651	2.37441	285.138
7.58	2.36688	674.398	284.9312174677	2.37442	285.138
7.59	2.36669	674.277	284.9029657454	2.37442	285.138
7.6	2.3665	674.152	284.8730192267	2.37443	285.138
7.61	2.36631	674.02	284.8401097067	2.37443	285.138
7.62	2.36612	673.881	284.8042364715	2.37444	285.139
7.63	2.36592	673.733	284.7657570839	2.37444	285.139
7.64	2.3657	673.575	284.7254512406	2.37444	285.139
7.65	2.36548	673.406	284.6804876811	2.37445	285.139
7.66	2.36525	673.225	284.6316457034	2.37445	285.139
7.67	2.36499	673.03	284.5804844841	2.37446	285.139
7.68	2.36472	672.819	284.5237491119	2.37446	285.139
7.69	2.36442	672.592	284.4638431412	2.37446	285.139
7.7	2.36411	672.346	284.397088122	2.37447	285.14
7.71	2.36376	672.081	284.3270890446	2.37447	285.14
7.72	2.36338	671.794	284.2513688023	2.37447	285.14
7.73	2.36297	671.483	284.1690753586	2.37447	285.14
7.74	2.36253	671.147	284.0797788811	2.37448	285.14
7.75	2.36205	670.784	283.9838276074	2.37448	285.14
7.76	2.36152	670.391	283.8811443477	2.37448	285.14
7.77	2.36095	669.967	283.7700925475	2.37449	285.14
7.78	2.36033	669.509	283.6505912309	2.37449	285.141
7.79	2.35965	669.014	283.5225563113	2.37449	285.141
7.8	2.35892	668.48	283.3839214556	2.37449	285.141
7.81	2.35813	667.903	283.2341728403	2.3745	285.141
7.82	2.35727	667.282	283.0740644899	2.3745	285.141
7.83	2.35634	666.613	282.9018732441	2.3745	285.141
7.84	2.35534	665.892	282.7158711693	2.3745	285.141
7.85	2.35425	665.116	282.5171498354	2.3745	285.142
7.86	2.35308	664.281	282.3027691366	2.37451	285.142
7.87	2.35182	663.383	282.0721823949	2.37451	285.142
7.88	2.35045	662.419	281.8264587632	2.37451	285.142
7.89	2.34898	661.382	281.5613585471	2.37451	285.142
7.9	2.3474	660.269	281.2767317032	2.37452	285.142
7.91	2.3457	659.074	280.9711386793	2.37452	285.143
7.92	2.34388	657.793	280.6427803471	2.37452	285.143
7.93	2.34191	656.419	280.2921546942	2.37452	285.143
7.94	2.3398	654.946	279.9153773827	2.37452	285.143
7.95	2.33754	653.369	279.5113666504	2.37452	285.143
7.96	2.33511	651.68	279.0789299005	2.37453	285.143
7.97	2.33251	649.872	278.61488268	2.37453	285.144
7.98	2.32972	647.938	278.1184004945	2.37453	285.144
7.99	2.32674	645.87	277.5858067511	2.37453	285.144
8	2.32354	643.66	277.0169654923	2.37453	285.144
8.01	2.32012	641.299	276.4076858094	2.37454	285.144
8.02	2.31646	638.777	275.7556789239	2.37454	285.145
8.03	2.31255	636.086	275.0582690104	2.37454	285.145
8.04	2.30837	633.215	274.3126101968	2.37454	285.145
8.05	2.30392	630.154	273.513837286	2.37454	285.145
8.06	2.29916	626.891	272.6608848449	2.37455	285.145
8.07	2.29408	623.415	271.7494594783	2.37455	285.146
8.08	2.28866	619.714	270.7759125427	2.37455	285.146
8.09	2.2829	615.776	269.7341101231	2.37455	285.146
8.1	2.27675	611.587	268.6228176128	2.37455	285.146
8.11	2.27021	607.134	267.4351711956	2.37455	285.146
8.12	2.26325	602.404	266.1676792224	2.37456	285.147
8.13	2.25584	597.382	264.8157670757	2.37456	285.147
8.14	2.24797	592.053	263.3722869967	2.37456	285.147
8.15	2.23962	586.403	261.8314714103	2.37456	285.146
8.16	2.23074	580.416	260.1898921434	2.37455	285.146
8.17	2.22133	574.077	258.4384130228	2.37455	285.145
8.18	2.21135	567.37	256.571777421	2.37454	285.144
8.19	2.20077	560.28	254.5836230047	2.37452	285.141
8.2	2.18957	552.791	252.4655525971	2.3745	285.137
8.21	2.17772	544.888	250.2103117021	2.37446	285.131
8.22	2.1652	536.556	247.8089783854	2.37439	285.12
8.23	2.15197	527.781	245.2548130318	2.37428	285.104
8.24	2.13801	518.549	242.5381546391	2.37411	285.078
8.25	2.12329	508.849	239.6512016729	2.37385	285.036
8.26	2.10778	498.668	236.5844632742	2.37343	284.971
8.27	2.09147	487.997	233.327276987	2.37276	284.869
8.28	2.07433	476.829	229.8713319481	2.37172	284.708
8.29	2.05633	465.158	226.207855743	2.37009	284.455
8.3	2.03746	452.982	222.326818686	2.36753	284.057
8.31	2.01771	440.301	218.2181780335	2.36351	283.433
8.32	1.99706	427.12	213.8743953612	2.35725	282.456
8.33	1.97551	413.447	209.286209637	2.3475	280.928
8.34	1.95306	399.296	204.4463559747	2.33241	278.544
8.35	1.92971	384.686	199.3491249981	2.30927	274.844
8.36	1.90548	369.642	193.9889161786	2.27426	269.14
8.37	1.88039	354.196	188.3630523455	2.22235	260.444
8.38	1.85446	338.387	182.4719864543	2.14774	247.42
8.39	1.82775	322.261	176.3156886883	2.04525	228.451
8.4	1.8003	305.876	169.9027939788	1.91326	202.017
8.41	1.77218	289.294	163.2418828787	1.75765	167.632
8.42	1.74348	272.588	156.347075963	1.59407	127.305
8.43	1.71427	255.841	149.2419513846	1.4446	86.4363
8.44	1.68468	239.14	141.9498064914	1.328	51.9556
8.45	1.65484	222.582	134.5036378139	1.25052	28.0128
8.46	1.62487	206.265	126.9424630894	1.2058	13.9658
8.47	1.59495	190.293	119.3096962287	1.18256	6.64366
8.48	1.56523	174.765	111.6545172275	1.17125	3.08331
8.49	1.5359	159.777	104.028257048	1.16594	1.41379
8.5	1.50715	145.419	96.4860830043	1.16349	0.64459
8.51	1.47914	131.766	89.0828454372	1.16237	0.29312
8.52	1.45208	118.882	81.8701448956	1.16186	0.133133
8.53	1.42611	106.814	74.8988507198	1.16163	0.0604354
8.54	1.40138	95.5927	68.2132612139	1.16153	0.0274276
8.55	1.37802	85.2322	61.851206804	1.16148	0.0124461
8.56	1.35611	75.7302	55.8436999948	1.16146	0.00564751
8.57	1.33573	67.0705	50.2126178195	1.16145	0.00256254
8.58	1.31689	59.2249	44.9733083249	1.16144	0.00116273
8.59	1.2996	52.1553	40.1318097876	1.16144	0.000527574
8.6	1.28383	45.8169	35.6876689281	1.16144	0.000239379
8.61	1.26954	40.1596	31.6331899743	1.16144	0.000108615
8.62	1.25666	35.131	27.9558512247	1.16144	4.92822E-005
8.63	1.2451	30.6775	24.6385832463	1.16144	0.000022361
8.64	1.23478	26.7464	21.6608626638	1.16144	1.01459E-005
8.65	1.22561	23.2865	18.9999265672	1.16144	4.60352E-006
8.66	1.21748	20.2491	16.6319775274	1.16144	2.08876E-006
8.67	1.2103	17.5888	14.5325952243	1.16144	9.47732E-007
8.68	1.20398	15.2635	12.6775361717	1.16144	0.00000043
8.69	1.19844	13.2344	11.043022596	1.16144	1.95109E-007
8.7	1.19358	11.4667	9.60698068	1.16144	8.85262E-008
8.71	1.18933	9.92868	8.3481287784	1.16144	4.01666E-008
8.72	1.18562	8.59213	7.2469509624	1.16144	1.82245E-008
8.73	1.18239	7.43185	6.2854472721	1.16144	8.26884E-009
8.74	1.17958	6.42549	5.4472693671	1.16144	3.75171E-009
8.75	1.17714	5.55331	4.717629169	1.16144	1.70222E-009
8.76	1.17502	4.79794	4.0832836888	1.16144	7.72331E-010
8.77	1.17318	4.14412	3.5323820727	1.16144	3.50418E-010
8.78	1.17159	3.57849	3.0543876271	1.16144	1.58985E-010
8.79	1.17021	3.08938	2.6400218764	1.16144	7.20999E-011
8.8	1.16901	2.6666	2.2810754399	1.16144	3.26824E-011
8.81	1.16798	2.30128	1.9703077107	1.16144	1.47769E-011
8.82	1.16708	1.98571	1.701434349	1.16144	6.66491E-012
8.83	1.16631	1.71318	1.4688890604	1.16144	3.00262E-012
8.84	1.16564	1.47787	1.2678614323	1.16144	1.33311E-012
8.85	1.16507	1.27475	1.0941402663	1.16144	5.68826E-013
8.86	1.16457	1.09943	0.9440651914	1.16144	2.18008E-013
8.87	1.16414	0.948149	0.8144630371	1.16144	5.70079E-014
8.88	1.16377	0.817616	0.7025580656	1.16144	2.88172E-014
8.89	1.16345	0.705003	0.6059590012	1.16144	3.75876E-015
8.9	1.16317	0.60786	0.5225891314	1.16144	0
8.91	1.16293	0.52407	0.4506462126	1.16144	0
8.92	1.16273	0.451803	0.3885708634	1.16144	0
8.93	1.16255	0.389481	0.3350230098	1.16144	0
8.94	1.1624	0.335739	0.2888325877	1.16144	0
8.95	1.16226	0.289398	0.2489959217	1.16144	0
8.96	1.16215	0.249441	0.2146375253	1.16144	0
8.97	1.16205	0.214992	0.185010972	1.16144	0
8.98	1.16197	0.185292	0.1594636695	1.16144	0
8.99	1.1619	0.159688	0.1374369567	1.16144	0
9	1.16183	0.137617	0.1184484821	1.16144	0
9.01	1.16178	0.118591	0.1020769853	1.16144	0
9.02	1.16173	0.102191	0.0879645012	1.16144	0
9.03	1.16169	0.0880552	0.0757992235	1.16144	0
9.04	1.16166	0.0758717	0.0653131725	1.16144	0
9.05	1.16163	0.0653711	0.05627532	1.16144	0
9.06	1.1616	0.0563213	0.0484859676	1.16144	0
9.07	1.16158	0.0485221	0.0417724995	1.16144	0
9.08	1.16156	0.041801	0.0359869486	1.16144	0
9.09	1.16154	0.0360092	0.031001257	1.16144	0
9.1	1.16153	0.0310183	0.0267046912	1.16144	0
9.11	1.16152	0.0267177	0.023002359	1.16144	0
9.12	1.16151	0.0230121	0.0198122272	1.16144	0
9.13	1.1615	0.0198193	0.0170635385	1.16144	0
9.14	1.16149	0.0170684	0.0146952621	1.16144	0
9.15	1.16148	0.0146984	0.0126548886	1.16144	0
9.16	1.16148	0.0126566	0.0108969591	1.16144	0
9.17	1.16147	0.0108975	0.0093825067	1.16144	0
9.18	1.16147	0.00938215	0.0080778238	1.16144	0
9.19	1.16146	0.00807677	0.0069539803	1.16144	0
9.2	1.16146	0.00695231	0.0059858368	1.16144	0
9.21	1.16146	0.00598374	0.0051519122	1.16144	0
9.22	1.16145	0.00514947	0.0044336562	1.16144	0
9.23	1.16145	0.00443091	0.0038149813	1.16144	0
9.24	1.16145	0.00381204	0.0032821387	1.16144	0
9.25	1.16145	0.00327904	0.0028232296	1.16144	0
9.26	1.16145	0.00282001	0.0024280081	1.16144	0
9.27	1.16145	0.00242472	0.0020876663	1.16144	0
9.28	1.16145	0.00208431	0.0017945757	1.16144	0
9.29	1.16145	0.00179118	0.0015421929	1.16144	0
9.3	1.16144	0.00153878	0.0013248898	1.16144	0
9.31	1.16144	0.00132146	0.0011377772	1.16144	0
9.32	1.16144	0.00113434	0.0009766669	1.16144	0
9.33	1.16144	0.000973242	0.0008379615	1.16144	0
9.34	1.16144	0.000834546	0.0007185442	1.16144	0
9.35	1.16144	0.000715145	0.0006157399	1.16144	0
9.36	1.16144	0.000612359	0.0005272412	1.16144	0
9.37	1.16144	0.000523879	0.0004510599	1.16144	0
9.38	1.16144	0.000447717	0.0003854844	1.16144	0
9.39	1.16144	0.000382162	0.0003290415	1.16144	0
9.4	1.16144	0.000325739	0.0002804613	1.16144	0
9.41	1.16144	0.000277179	0.0002386512	1.16144	0
9.42	1.16144	0.000235386	0.0002026674	1.16144	0
9.43	1.16144	0.000199421	0.0001717015	1.16144	0
9.44	1.16144	0.000168471	0.0001450536	1.16144	0
9.45	1.16144	0.000141839	0.0001221234	1.16144	0
9.46	1.16144	0.000118923	0.0001023927	1.16144	0
9.47	1.16144	9.92062E-005	8.54165518666483E-005	1.16144	0
9.48	1.16144	8.22425E-005	7.08108038297286E-005	1.16144	0
9.49	1.16144	6.76481E-005	0.000058245	1.16144	0
9.5	1.16144	5.50929E-005	0.000047435	1.16144	0
9.51	1.16144	4.42924E-005	3.8135762501722E-005	1.16144	0
9.52	1.16144	0.000035002	3.01367268218763E-005	1.16144	0
9.53	1.16144	2.70109E-005	2.32563886210222E-005	1.16144	0
9.54	1.16144	2.01378E-005	1.73386485741838E-005	1.16144	0
9.55	1.16144	1.42267E-005	1.22491906598705E-005	1.16144	0
9.56	1.16144	9.14317E-006	7.8722706295633E-006	1.16144	0
9.57	1.16144	4.77164E-006	4.10838269734123E-006	1.16144	0
9.58	1.16144	1.01266E-006	8.71900399504064E-007	1.16144	0
9.59	1.16144	-2.21939E-006	-1.91089509574322E-006	1.16144	0
9.6	1.16144	-4.99814E-006	-4.30339922854388E-006	1.16144	0
9.61	1.16144	-0.000007387	-6.36020801763328E-006	1.16144	0
9.62	1.16144	-9.44035E-006	-8.12814265050282E-006	1.16144	0
9.63	1.16144	-1.12052E-005	-9.6476787436286E-006	1.16144	0
9.64	1.16144	-1.27219E-005	-1.09535576525692E-005	1.16144	0
9.65	1.16144	-0.000014025	-1.20755269320843E-005	1.16144	0
9.66	1.16144	-1.51444E-005	-1.30393304862929E-005	1.16144	0
9.67	1.16144	-1.61057E-005	-0.000013867	1.16144	0
9.68	1.16144	-0.000016931	-1.45775933324149E-005	1.16144	0
9.69	1.16144	-1.76391E-005	-1.51872675299628E-005	1.16144	0
9.7	1.16144	-1.82464E-005	-1.57101529136245E-005	1.16144	0
9.71	1.16144	-1.87667E-005	-1.6158131285301E-005	1.16144	0
9.72	1.16144	-1.92122E-005	-1.65417068466731E-005	1.16144	0
9.73	1.16144	-1.95929E-005	-1.68694895991183E-005	1.16144	0
9.74	1.16144	-1.99179E-005	-1.71493146438903E-005	1.16144	0
9.75	1.16144	-2.01946E-005	-1.73875533820085E-005	1.16144	0
9.76	1.16144	-2.04296E-005	-1.75898884143821E-005	1.16144	0
9.77	1.16144	-2.06284E-005	-1.77610552417688E-005	1.16144	0
9.78	1.16144	-2.07959E-005	-1.79052727648436E-005	1.16144	0
9.79	1.16144	-2.09361E-005	-0.000018026	1.16144	0
9.8	1.16144	-2.10526E-005	-1.81262915002066E-005	1.16144	0
9.81	1.16144	-2.11484E-005	-1.82087753134041E-005	1.16144	0
9.82	1.16144	-2.12264E-005	-1.82759333241493E-005	1.16144	0
9.83	1.16144	-2.12887E-005	-1.83295736327318E-005	1.16144	0
9.84	1.16144	-2.13375E-005	-1.83715904394545E-005	1.16144	0
9.85	1.16144	-2.13746E-005	-1.84035335445654E-005	1.16144	0
9.86	1.16144	-2.14017E-005	-1.84268666482987E-005	1.16144	0
9.87	1.16144	-2.14202E-005	-1.84427951508472E-005	1.16144	0
9.88	1.16144	-2.14314E-005	-1.84524383523901E-005	1.16144	0
9.89	1.16144	-2.14367E-005	-0.000018457	1.16144	0
9.9	1.16144	-2.14373E-005	-1.84575182532029E-005	1.16144	0
9.91	1.16144	-2.14341E-005	-1.84547630527621E-005	1.16144	0
9.92	1.16144	-2.14283E-005	-1.84497692519631E-005	1.16144	0
9.93	1.16144	-2.14207E-005	-1.84432256509161E-005	1.16144	0
9.94	1.16144	-2.14122E-005	-1.84359071497451E-005	1.16144	0
9.95	1.16144	-2.14037E-005	-1.84285886485742E-005	1.16144	0
9.96	1.16144	-2.13954E-005	-1.84214423474308E-005	1.16144	0
9.97	1.16144	-2.13851E-005	-1.84125740460118E-005	1.16144	0
9.98	1.16144	-2.13491E-005	-1.83815780410525E-005	1.16144	0
9.99	1.16144	-2.10821E-005	-1.81516910042706E-005	1.16144	0
10	1.16144	-1.88487E-005	-1.62287332965973E-005	1.16144	0
